Co 4.257606 4.257606 0.000000 1.24106
Co 4.257606 8.517602 0.000000 1.236
Co 4.257606 12.777611 0.000000 1.24027
Co 8.517602 4.257606 0.000000 1.23961
Co 8.517602 8.517602 0.000000 1.23478
Co 8.517602 12.777611 0.000000 1.23918
Co 12.777611 4.257606 0.000000 1.2408
Co 12.777611 8.517602 0.000000 1.24211
Co 12.777611 12.777611 0.000000 1.24174
Co 4.257606 4.257606 4.216681 1.24673
Co 4.257606 8.517602 4.216681 1.24335
Co 4.257606 12.777611 4.216681 1.24589
Co 8.517602 4.257606 4.216681 1.24648
Co 8.517602 8.517602 4.216681 1.24293
Co 8.517602 12.777611 4.216681 1.24677
Co 12.777611 4.257606 4.216681 1.24693
Co 12.777611 8.517602 4.216681 1.24418
Co 12.777611 12.777611 4.216681 1.24676
Co 2.127602 4.257606 2.129997 1.24409
Co 2.127602 8.517602 2.129997 1.24535
Co 2.127602 12.777611 2.129997 1.24356
Co 6.387611 4.257606 2.129997 1.24599
Co 6.387611 8.517602 2.129997 1.25532
Co 6.387611 12.777611 2.129997 1.24526
Co 10.647607 4.257606 2.129997 1.24471
Co 10.647607 8.517602 2.129997 1.24554
Co 10.647607 12.777611 2.129997 1.24553
Co 4.257606 2.127602 2.129997 1.25976
Co 4.257606 6.387611 2.129997 1.24694
Co 4.257606 10.647607 2.129997 1.24568
Co 8.517602 2.127602 2.129997 1.24403
Co 8.517602 6.387611 2.129997 1.24537
Co 8.517602 10.647607 2.129997 1.24636
Co 12.777611 2.127602 2.129997 1.24386
Co 12.777611 6.387611 2.129997 1.24594
Co 12.777611 10.647607 2.129997 1.24619
Co 2.127602 2.127602 0.000000 1.23632
Co 2.127602 6.387611 0.000000 1.24311
Co 2.127602 10.647607 0.000000 1.24006
Co 6.387611 2.127602 0.000000 1.23819
Co 6.387611 6.387611 0.000000 1.23905
Co 6.387611 10.647607 0.000000 1.23874
Co 10.647607 2.127602 0.000000 1.24047
Co 10.647607 6.387611 0.000000 1.23944
Co 10.647607 10.647607 0.000000 1.2485
Co 2.127602 2.127602 4.216681 1.24479
Co 2.127602 6.387611 4.216681 1.24463
Co 2.127602 10.647607 4.216681 1.24625
Co 6.387611 2.127602 4.216681 1.2428
Co 6.387611 6.387611 4.216681 1.24577
Co 6.387611 10.647607 4.216681 1.24584
Co 10.647607 2.127602 4.216681 1.24583
Co 10.647607 6.387611 4.216681 1.24682
Co 10.647607 10.647607 4.216681 1.24476
O 4.257606 4.257606 2.129997 -1.2562
O 4.257606 8.517615 2.129997 -1.26076
O 4.257606 12.777611 2.129997 -1.2551
O 8.517602 4.257606 2.129997 -1.25786
O 8.517602 8.517615 2.129997 -1.25961
O 8.517602 12.777611 2.129997 -1.25691
O 12.777611 4.257606 2.129997 -1.25637
O 12.777611 8.517615 2.129997 -1.26498
O 12.777611 12.777611 2.129997 -1.25666
O 2.127602 4.257606 0.000000 -1.23253
O 2.127602 8.517615 0.000000 -1.23597
O 2.127602 12.777611 0.000000 -1.23283
O 6.387611 4.257606 0.000000 -1.23353
O 6.387611 8.517615 0.000000 -1.23485
O 6.387611 12.777611 0.000000 -1.23351
O 10.647607 4.257606 0.000000 -1.23407
O 10.647607 8.517615 0.000000 -1.23509
O 10.647607 12.777611 0.000000 -1.23185
O 2.127602 4.257606 4.260983 -1.23897
O 2.127602 8.517615 4.260983 -1.2403
O 2.127602 12.777611 4.260983 -1.23905
O 6.387611 4.257606 4.260983 -1.23832
O 6.387611 8.517615 4.260983 -1.23941
O 6.387611 12.777611 4.260983 -1.23921
O 10.647607 4.257606 4.260983 -1.23898
O 10.647607 8.517615 4.260983 -1.24034
O 10.647607 12.777611 4.260983 -1.23864
O 4.257606 2.127602 0.000000 -1.2369
O 4.257606 6.387598 0.000000 -1.235
O 4.257606 10.647607 0.000000 -1.23337
O 8.517602 2.127602 0.000000 -1.23503
O 8.517602 6.387598 0.000000 -1.23325
O 8.517602 10.647607 0.000000 -1.23686
O 12.777611 2.127602 0.000000 -1.23419
O 12.777611 6.387598 0.000000 -1.23312
O 12.777611 10.647607 0.000000 -1.23702
O 4.257606 2.127602 4.260983 -1.24265
O 4.257606 6.387598 4.260983 -1.24019
O 4.257606 10.647607 4.260983 -1.23891
O 8.517602 2.127602 4.260983 -1.23928
O 8.517602 6.387598 4.260983 -1.23903
O 8.517602 10.647607 4.260983 -1.23959
O 12.777611 2.127602 4.260983 -1.2399
O 12.777611 6.387598 4.260983 -1.23993
O 12.777611 10.647607 4.260983 -1.23866
O 2.127602 2.127602 2.129997 -1.25918
O 2.127602 6.387598 2.129997 -1.26471
O 2.127602 10.647607 2.129997 -1.25637
O 6.387611 2.127602 2.129997 -1.25693
O 6.387611 6.387598 2.129997 -1.25425
O 6.387611 10.647607 2.129997 -1.25535
O 10.647607 2.127602 2.129997 -1.25707
O 10.647607 6.387598 2.129997 -1.2571
O 10.647607 10.647607 2.129997 -1.26329
C 6.200358 5.927748 18.304561 -0.022027
C 7.233084 6.993817 18.316602 -0.04408
C 5.068216 5.989143 19.144096 0.018509
C 6.308093 4.808999 17.453478 -0.039214
C 8.369354 6.927936 17.483043 -0.030142
C 7.121541 8.116745 19.161709 -0.039757
C 4.101294 4.993159 19.134795 -0.069167
C 5.344635 3.807277 17.438471 -0.070933
C 9.336391 7.923767 17.491939 -0.019975
C 8.085894 9.117623 19.177390 -0.011323
C 4.227266 3.888354 18.281421 0.059588
C 9.207186 9.032227 18.340101 0.005309
C 3.168635 2.851295 18.309997 1.44991
C 10.266865 10.068238 18.312064 1.4899
O 3.403506 1.825802 17.433259 -1.10671
O 2.178159 2.877481 19.027635 -1.12925
O 10.030831 11.095827 19.186016 -1.10295
O 11.259245 10.039445 17.597168 -1.13733
H 4.931790 6.828687 19.822508 0.050932
H 7.159395 4.708536 16.783558 0.076583
H 8.509474 6.084443 16.810336 0.038109
H 6.266201 8.221528 19.825833 0.036345
H 3.231295 5.052049 19.788046 0.095465
H 5.455182 2.954851 16.770707 0.094305
H 10.209278 7.861630 16.842866 0.109259
H 7.972829 9.973002 19.840975 0.086699
H 2.649333 1.211135 17.540195 0.61135
H 10.785950 11.709446 19.079530 0.603194
