Co 4.257606 4.257606 0.000000 1.2555
Co 4.257606 8.517602 0.000000 1.24888
Co 4.257606 12.777611 0.000000 1.25527
Co 8.517602 4.257606 0.000000 1.25331
Co 8.517602 8.517602 0.000000 1.24514
Co 8.517602 12.777611 0.000000 1.25159
Co 12.777611 4.257606 0.000000 1.25441
Co 12.777611 8.517602 0.000000 1.25022
Co 12.777611 12.777611 0.000000 1.25302
Co 4.257606 4.257606 4.216708 1.252
Co 4.257606 8.517602 4.216708 1.2459
Co 4.257606 12.777611 4.216708 1.2491
Co 8.517602 4.257606 4.216708 1.25295
Co 8.517602 8.517602 4.216708 1.23326
Co 8.517602 12.777611 4.216708 1.25281
Co 12.777611 4.257606 4.216708 1.2522
Co 12.777611 8.517602 4.216708 1.2313
Co 12.777611 12.777611 4.216708 1.2514
Co 2.127602 4.257606 2.129993 1.23135
Co 2.127602 8.517602 2.129993 1.23546
Co 2.127602 12.777611 2.129993 1.2304
Co 6.387611 4.257606 2.129993 1.23208
Co 6.387611 8.517602 2.129993 1.24003
Co 6.387611 12.777611 2.129993 1.2303
Co 10.647607 4.257606 2.129993 1.22978
Co 10.647607 8.517602 2.129993 1.22929
Co 10.647607 12.777611 2.129993 1.22981
Co 4.257606 2.127602 2.129993 1.22997
Co 4.257606 6.387611 2.129993 1.22908
Co 4.257606 10.647607 2.129993 1.23271
Co 8.517602 2.127602 2.129993 1.22851
Co 8.517602 6.387611 2.129993 1.22863
Co 8.517602 10.647607 2.129993 1.22889
Co 12.777611 2.127602 2.129993 1.22988
Co 12.777611 6.387611 2.129993 1.23038
Co 12.777611 10.647607 2.129993 1.22779
Co 2.127602 2.127602 0.000000 1.25025
Co 2.127602 6.387611 0.000000 1.25201
Co 2.127602 10.647607 0.000000 1.25017
Co 6.387611 2.127602 0.000000 1.25316
Co 6.387611 6.387611 0.000000 1.25363
Co 6.387611 10.647607 0.000000 1.25408
Co 10.647607 2.127602 0.000000 1.25242
Co 10.647607 6.387611 0.000000 1.25376
Co 10.647607 10.647607 0.000000 1.25429
Co 2.127602 2.127602 4.216708 1.23131
Co 2.127602 6.387611 4.216708 1.2322
Co 2.127602 10.647607 4.216708 1.24799
Co 6.387611 2.127602 4.216708 1.22616
Co 6.387611 6.387611 4.216708 1.23691
Co 6.387611 10.647607 4.216708 1.23978
Co 10.647607 2.127602 4.216708 1.2398
Co 10.647607 6.387611 4.216708 1.22746
Co 10.647607 10.647607 4.216708 1.23623
O 4.257606 4.257606 2.129993 -1.27536
O 4.257606 8.517615 2.129993 -1.2722
O 4.257606 12.777611 2.129993 -1.27371
O 8.517602 4.257606 2.129993 -1.26794
O 8.517602 8.517615 2.129993 -1.24991
O 8.517602 12.777611 2.129993 -1.26924
O 12.777611 4.257606 2.129993 -1.26987
O 12.777611 8.517615 2.129993 -1.25249
O 12.777611 12.777611 2.129993 -1.27358
O 2.127602 4.257606 0.000000 -1.22345
O 2.127602 8.517615 0.000000 -1.23092
O 2.127602 12.777611 0.000000 -1.22663
O 6.387611 4.257606 0.000000 -1.22436
O 6.387611 8.517615 0.000000 -1.22988
O 6.387611 12.777611 0.000000 -1.22511
O 10.647607 4.257606 0.000000 -1.22327
O 10.647607 8.517615 0.000000 -1.22683
O 10.647607 12.777611 0.000000 -1.22343
O 2.127602 4.257606 4.260979 -1.22668
O 2.127602 8.517615 4.260979 -1.23132
O 2.127602 12.777611 4.260979 -1.22729
O 6.387611 4.257606 4.260979 -1.22857
O 6.387611 8.517615 4.260979 -1.22654
O 6.387611 12.777611 4.260979 -1.22814
O 10.647607 4.257606 4.260979 -1.22436
O 10.647607 8.517615 4.260979 -1.23288
O 10.647607 12.777611 4.260979 -1.22723
O 4.257606 2.127602 0.000000 -1.22858
O 4.257606 6.387598 0.000000 -1.23166
O 4.257606 10.647607 0.000000 -1.22273
O 8.517602 2.127602 0.000000 -1.23261
O 8.517602 6.387598 0.000000 -1.23174
O 8.517602 10.647607 0.000000 -1.23142
O 12.777611 2.127602 0.000000 -1.22683
O 12.777611 6.387598 0.000000 -1.23066
O 12.777611 10.647607 0.000000 -1.2231
O 4.257606 2.127602 4.260979 -1.23212
O 4.257606 6.387598 4.260979 -1.23536
O 4.257606 10.647607 4.260979 -1.2333
O 8.517602 2.127602 4.260979 -1.23555
O 8.517602 6.387598 4.260979 -1.23182
O 8.517602 10.647607 4.260979 -1.23603
O 12.777611 2.127602 4.260979 -1.23709
O 12.777611 6.387598 4.260979 -1.23157
O 12.777611 10.647607 4.260979 -1.23109
O 2.127602 2.127602 2.129993 -1.25959
O 2.127602 6.387598 2.129993 -1.2592
O 2.127602 10.647607 2.129993 -1.27136
O 6.387611 2.127602 2.129993 -1.26492
O 6.387611 6.387598 2.129993 -1.26153
O 6.387611 10.647607 2.129993 -1.26295
O 10.647607 2.127602 2.129993 -1.26907
O 10.647607 6.387598 2.129993 -1.26386
O 10.647607 10.647607 2.129993 -1.26531
C 6.401157 6.383930 24.281481 -0.049341
C 6.377578 6.395956 22.797405 0.005567
C 5.557205 7.223435 25.038597 -0.062298
C 7.268421 5.532833 24.996367 -0.035523
C 7.227640 5.562393 22.040509 -0.122386
C 5.504679 7.241059 22.082243 -0.048547
C 5.577742 7.214144 26.426580 -0.02404
C 7.295476 5.517817 26.385948 -0.0302
C 7.207282 5.571275 20.652581 0.032562
C 5.478850 7.256715 20.692606 0.01992
C 6.448047 6.360747 27.118697 0.006639
C 6.332107 6.419420 19.960133 -0.048088
C 6.432788 6.389336 28.600623 1.48028
C 6.348849 6.391432 18.478262 1.50744
O 7.324001 5.512628 29.159653 -1.10033
O 5.713900 7.106997 29.282485 -1.13988
O 5.455335 7.265341 17.918516 -1.12225
O 7.070932 5.676506 17.796896 -1.13688
H 4.867084 7.901836 24.541424 0.066274
H 7.941416 4.862905 24.465453 0.067321
H 7.923153 4.889692 22.537847 0.060019
H 4.825779 7.905185 22.612991 0.058254
H 4.920939 7.867394 27.000109 0.104966
H 7.976395 4.850036 26.910521 0.105334
H 7.868442 4.922205 20.079272 0.111645
H 4.794060 7.920316 20.167702 0.070815
H 7.225352 5.619558 30.127591 0.606628
H 5.555390 7.158896 16.950688 0.614156
