Total Potential: [[[[ 2.94907214  3.04188374  3.00216243 ...  3.02775961  2.98547777
     3.03233791]
   [ 3.09982243  2.95051195  2.93610937 ...  2.9724885   2.94712251
     2.95802573]
   [ 3.00150726  3.10582739  3.04576311 ...  3.05122677  3.06205032
     3.11797998]
   ...
   [ 3.02809626  3.05078162  2.95231182 ...  2.95862371  2.952854
     3.05095372]
   [ 3.11973029  3.18958042  3.12296194 ...  2.95135568  3.13222704
     3.18580438]
   [ 3.23692043  3.0854024   3.08402976 ...  3.03441165  3.09146772
     3.08434005]]

  [[ 3.13375149  3.04150062  3.02282143 ...  2.97571098  3.04243678
     3.05102389]
   [ 2.98389959  3.07793834  3.07743268 ...  3.02800423  3.07556052
     3.07995192]
   [ 3.02321117  2.90957128  2.95571926 ...  2.94439763  2.94823292
     2.90453421]
   ...
   [ 2.97630691  2.94963952  3.04329326 ...  3.02684646  3.03834791
     2.94589288]
   [ 2.90962845  2.83552041  2.88744929 ...  3.04049865  2.87333068
     2.8337308 ]
   [ 2.84853398  2.95462087  2.93824422 ...  2.96334614  2.92699442
     2.95148153]]

  [[ 2.95005762  3.04184363  3.00005677 ...  3.02496841  2.9838508
     3.03234289]
   [ 3.09904811  2.94948856  2.93566612 ...  2.96909343  2.94602006
     2.95656533]
   [ 2.99959077  3.10248315  3.04526836 ...  3.048681    3.06065407
     3.11403235]
   ...
   [ 3.02388758  3.04685875  2.94942565 ...  2.95690623  2.95020078
     3.04717118]
   [ 3.11587129  3.18331251  3.12052208 ...  2.94881169  3.12971716
     3.1798233 ]
   [ 3.23336002  3.07938864  3.08043727 ...  3.03028203  3.08786668
     3.07904558]]

  ...

  [[ 3.14547097  3.05094844  3.02765544 ...  2.97951457  3.04847073
     3.06056193]
   [ 2.99189461  3.08548272  3.08623454 ...  3.0304491   3.08407536
     3.08790181]
   [ 3.02848671  2.91212928  2.963341   ...  2.94929753  2.95487604
     2.9067449 ]
   ...
   [ 2.97762544  2.95136856  3.04806364 ...  3.03372639  3.04288953
     2.94743367]
   [ 2.91237156  2.83423984  2.89351088 ...  3.04553     2.87769514
     2.83190842]
   [ 2.85155737  2.95589875  2.94348795 ...  2.96459391  2.93057487
     2.95235683]]

  [[ 2.94789709  3.04184724  3.00384313 ...  3.03049223  2.98642659
     3.0322563 ]
   [ 3.10051168  2.95019338  2.93560713 ...  2.97604538  2.94704745
     2.95744789]
   [ 3.00284145  3.10839696  3.046207   ...  3.05362516  3.06334723
     3.12096997]
   ...
   [ 3.03220562  3.05478516  2.95485299 ...  2.95984637  2.95522951
     3.05481922]
   [ 3.12283974  3.19481709  3.12510309 ...  2.9535104   3.13447257
     3.19095812]
   [ 3.24009402  3.08949026  3.08633374 ...  3.03848081  3.09397209
     3.0879398 ]]

  [[ 3.1395598   3.04617939  3.02526535 ...  2.97762827  3.04546335
     3.05574781]
   [ 2.98788647  3.08168862  3.08177043 ...  3.02927955  3.07976157
     3.08390038]
   [ 3.02585495  2.91090678  2.95956053 ...  2.94687501  2.95159789
     2.90569906]
   ...
   [ 2.9770154   2.95058113  3.04569809 ...  3.03081135  3.04064508
     2.94674077]
   [ 2.91105423  2.83498827  2.89082595 ...  3.04303016  2.87558936
     2.83293213]
   [ 2.85012936  2.95561871  2.94114953 ...  2.96404986  2.92880426
     2.95199815]]]


 [[[ 0.30092723  0.0945308   0.17256813 ... -0.03460197  0.16906198
     0.10305146]
   [ 0.13120555  0.12197072  0.13115289 ...  0.06552177  0.13824633
     0.1279228 ]
   [ 0.14279836  0.07176458  0.05871815 ... -0.10067379  0.06593908
     0.07329303]
   ...
   [ 2.98298272  3.00921277  3.03089946 ...  2.97850279  3.02274778
     2.99418497]
   [ 2.83777011  2.98914192  2.99861272 ...  3.1405865   2.9909252
     2.9887495 ]
   [ 2.91951126  2.84320438  2.8140688  ...  2.89416703  2.80172938
     2.8357848 ]]

  [[-0.29860724 -0.0932768  -0.1705795  ...  0.03498422 -0.16717208
    -0.10186443]
   [-0.12942765 -0.11898867 -0.12903776 ... -0.06604154 -0.13764665
    -0.12589656]
   [-0.14114427 -0.07045668 -0.05748504 ...  0.09992424 -0.06580103
    -0.07180409]
   ...
   [ 3.01891546  2.98989744  2.96275358 ...  3.00848269  2.96967931
     3.00411597]
   [ 3.18833364  3.03289758  3.01172088 ...  2.84905245  3.01237591
     3.02748898]
   [ 3.16255903  3.19272537  3.20725155 ...  3.10052305  3.21197987
     3.19350436]]

  [[ 0.29700949  0.09261319  0.16967044 ... -0.03588019  0.16626933
     0.10126612]
   [ 0.12833848  0.11788526  0.12892976 ...  0.06461606  0.13557311
     0.12339357]
   [ 0.14057914  0.070113    0.05752211 ... -0.1009203   0.06488928
     0.07132711]
   ...
   [ 2.98205417  3.00449013  3.02819058 ...  2.97556704  3.02053853
     2.98984726]
   [ 2.83810599  2.9871675   2.99825166 ...  3.1385713   2.99024961
     2.98724266]
   [ 2.92151232  2.84646598  2.81537251 ...  2.89217491  2.80363856
     2.83951146]]

  ...

  [[-0.30603528 -0.09624876 -0.17494714 ...  0.03391009 -0.1711621
    -0.1045576 ]
   [-0.13458663 -0.12588273 -0.13240896 ... -0.06712737 -0.14121952
    -0.13255951]
   [-0.14458829 -0.07289807 -0.05910293 ...  0.10021235 -0.06642304
    -0.07468404]
   ...
   [ 3.02585153  2.98882304  2.96646554 ...  3.0115146   2.97412166
     3.00366054]
   [ 3.19716288  3.0380294   3.01895635 ...  2.853393    3.01868938
     3.0328633 ]
   [ 3.17519695  3.20771209  3.21874636 ...  3.10443194  3.22437809
     3.20941826]]

  [[ 0.30463893  0.09601588  0.17529953 ... -0.033574    0.17167388
     0.10439725]
   [ 0.13378353  0.12614709  0.13322865 ...  0.06619582  0.14078072
     0.13257644]
   [ 0.14509622  0.07337599  0.05976265 ... -0.10073443  0.06680094
     0.0752229 ]
   ...
   [ 2.98381496  3.0141695   3.03362348 ...  2.98153276  3.02497179
     2.99872218]
   [ 2.836541    2.99015833  2.99907822 ...  3.14277065  2.99167473
     2.98944168]
   [ 2.91788045  2.83779564  2.81179548 ...  2.89649407  2.79897008
     2.83016952]]

  [[-0.30219149 -0.09469755 -0.17269191 ...  0.03474795 -0.16909721
    -0.10314948]
   [-0.13191105 -0.12233391 -0.13066497 ... -0.06655752 -0.13908722
    -0.12884131]
   [-0.14280827 -0.07164136 -0.05826451 ...  0.10005114 -0.06580816
    -0.07320385]
   ...
   [ 3.02237853  2.9894214   2.96462675 ...  3.00947314  2.9719101
     3.00393901]
   [ 3.19269251  3.03548165  3.01507885 ...  2.85126549  3.0155694
     3.03019087]
   [ 3.16877518  3.19980079  3.21260067 ...  3.10249554  3.21806063
     3.20131772]]]]
